a1_1    2.1289	0.5320630729046285 	0.122774835190263
a1_2    1.9083  0.5610232293544413 	0.12873698247865528
a1_3    1.6877 	0.5939910133649249 	0.13535551009444302
a1_4    1.4672	0.6329765242756212 	0.14292180313644973
a2_1    2.1289	0.3978622711896705 	9.253051157013764e-2
a2_2    1.9083	0.44150582344314915 	0.10250803570215777
a2_3    1.6877  0.4884047690553855 	0.11323113558526308
a2_4    1.4672	0.5259081960990053 	0.12180608545903315
v_1    2.1289	0.4806858276946621 	0.11318406721244345
v_2    1.9083	0.5509148437560287 	0.12977016174029835
v_3    1.6877	0.6358758035622883 	0.15022091984421657
v_4    1.4672  0.7356531530066577	0.17566828412509033
